N;TypDanych;Tw_Kop_Sr;Tw_Kop_Od;Tw_AVL_Sr;Tw_AVL_Od;Tw_BST_Sr;Tw_BST_Od;Max_Kop_Sr;Max_Kop_Od;Max_AVL_Sr;Max_AVL_Od;Max_BST_Sr;Max_BST_Od;DSW_Sr;DSW_Od
1000;Losowe;0.000033;0.000006;0.001277;0.000303;0.000220;0.000062;0.000003;0.000003;0.000001;0.000001;0.000000;0.000000;0.000065;0.000018
1000;Rosnace;0.000003;0.000001;0.000504;0.000060;0.005415;0.000564;0.000002;0.000001;0.000000;0.000000;0.000002;0.000001;0.000018;0.000006
1000;Malejace;0.000008;0.000001;0.000430;0.000002;0.003661;0.000093;0.000001;0.000001;0.000000;0.000000;0.000000;0.000000;0.000020;0.000006
2000;Losowe;0.000026;0.000001;0.001013;0.000043;0.000171;0.000004;0.000001;0.000000;0.000000;0.000001;0.000000;0.000000;0.000055;0.000001
2000;Rosnace;0.000005;0.000000;0.000899;0.000028;0.019445;0.000116;0.000002;0.000001;0.000000;0.000000;0.000002;0.000000;0.000030;0.000001
2000;Malejace;0.000016;0.000000;0.000884;0.000006;0.015610;0.000236;0.000002;0.000001;0.000000;0.000001;0.000000;0.000000;0.000040;0.000002
3000;Losowe;0.000039;0.000001;0.001549;0.000031;0.000273;0.000014;0.000002;0.000000;0.000000;0.000000;0.000000;0.000000;0.000090;0.000004
3000;Rosnace;0.000007;0.000000;0.001396;0.000032;0.044922;0.000379;0.000005;0.000003;0.000000;0.000001;0.000004;0.000001;0.000047;0.000002
3000;Malejace;0.000023;0.000001;0.001368;0.000017;0.036082;0.001096;0.000002;0.000000;0.000000;0.000001;0.000000;0.000000;0.000063;0.000002
4000;Losowe;0.000050;0.000001;0.002118;0.000084;0.000375;0.000014;0.000003;0.000001;0.000000;0.000000;0.000000;0.000000;0.000120;0.000001
4000;Rosnace;0.000009;0.000001;0.001841;0.000013;0.079527;0.000394;0.000008;0.000005;0.000000;0.000000;0.000005;0.000001;0.000061;0.000005
4000;Malejace;0.000030;0.000001;0.001823;0.000015;0.065155;0.001451;0.000005;0.000005;0.000001;0.000000;0.000000;0.000000;0.000076;0.000005
5000;Losowe;0.000064;0.000002;0.002654;0.000050;0.000480;0.000019;0.000003;0.000000;0.000001;0.000000;0.000000;0.000000;0.000164;0.000010
5000;Rosnace;0.000011;0.000001;0.002355;0.000043;0.126641;0.000250;0.000010;0.000006;0.000000;0.000001;0.000006;0.000000;0.000077;0.000003
5000;Malejace;0.000038;0.000001;0.002326;0.000016;0.102423;0.002042;0.000008;0.000005;0.000000;0.000000;0.000000;0.000000;0.000100;0.000008
6000;Losowe;0.000074;0.000001;0.003178;0.000046;0.000589;0.000012;0.000004;0.000001;0.000000;0.000000;0.000000;0.000000;0.000211;0.000011
6000;Rosnace;0.000013;0.000001;0.002831;0.000022;0.182722;0.001759;0.000013;0.000008;0.000000;0.000000;0.000007;0.000000;0.000088;0.000005
6000;Malejace;0.000045;0.000001;0.002857;0.000051;0.150177;0.004139;0.000006;0.000003;0.000001;0.000001;0.000000;0.000000;0.000124;0.000010
7000;Losowe;0.000089;0.000008;0.003866;0.000078;0.000716;0.000023;0.000004;0.000001;0.000000;0.000000;0.000000;0.000000;0.000249;0.000003
7000;Rosnace;0.000015;0.000001;0.003344;0.000044;0.249210;0.002891;0.000010;0.000005;0.000001;0.000001;0.000009;0.000000;0.000112;0.000005
7000;Malejace;0.000052;0.000001;0.003312;0.000050;0.209031;0.004659;0.000007;0.000005;0.000001;0.000001;0.000000;0.000000;0.000149;0.000007
8000;Losowe;0.000099;0.000002;0.004320;0.000055;0.000848;0.000051;0.000005;0.000001;0.000000;0.000000;0.000000;0.000000;0.000300;0.000015
8000;Rosnace;0.000017;0.000001;0.003790;0.000041;0.324327;0.003381;0.000011;0.000007;0.000001;0.000001;0.000010;0.000001;0.000122;0.000007
8000;Malejace;0.000060;0.000002;0.003816;0.000038;0.265924;0.013309;0.000008;0.000005;0.000000;0.000001;0.000000;0.000001;0.000161;0.000007
9000;Losowe;0.000111;0.000001;0.004956;0.000065;0.000941;0.000017;0.000006;0.000001;0.000000;0.000000;0.000000;0.000000;0.000345;0.000036
9000;Rosnace;0.000020;0.000001;0.004333;0.000025;0.414304;0.001082;0.000010;0.000003;0.000000;0.000000;0.000011;0.000000;0.000140;0.000013
9000;Malejace;0.000067;0.000002;0.004356;0.000086;0.337327;0.010349;0.000011;0.000005;0.000000;0.000001;0.000000;0.000000;0.000184;0.000011
10000;Losowe;0.000123;0.000001;0.005530;0.000128;0.001068;0.000019;0.000006;0.000000;0.000000;0.000000;0.000000;0.000000;0.000380;0.000010
10000;Rosnace;0.000022;0.000002;0.004860;0.000041;0.510010;0.003747;0.000017;0.000007;0.000000;0.000000;0.000012;0.000001;0.000156;0.000010
10000;Malejace;0.000074;0.000001;0.004852;0.000105;0.418499;0.012108;0.000012;0.000007;0.000000;0.000000;0.000000;0.000000;0.000202;0.000009
1000;Losowe;0.000013;0.000001;0.000491;0.000028;0.000084;0.000009;0.000001;0.000001;0.000000;0.000001;0.000000;0.000000;0.000028;0.000003
1000;Rosnace;0.000003;0.000001;0.000456;0.000015;0.004962;0.000090;0.000001;0.000000;0.000001;0.000001;0.000002;0.000001;0.000016;0.000001
1000;Malejace;0.000008;0.000001;0.000452;0.000005;0.003816;0.000039;0.000001;0.000001;0.000000;0.000000;0.000000;0.000000;0.000019;0.000002
2000;Losowe;0.000028;0.000002;0.001058;0.000039;0.000180;0.000002;0.000001;0.000000;0.000000;0.000001;0.000000;0.000001;0.000058;0.000001
2000;Rosnace;0.000005;0.000001;0.000917;0.000054;0.019891;0.000736;0.000002;0.000000;0.000000;0.000000;0.000003;0.000001;0.000032;0.000003
2000;Malejace;0.000016;0.000001;0.000887;0.000011;0.015322;0.000215;0.000001;0.000000;0.000001;0.000001;0.000000;0.000000;0.000039;0.000003
4000;Losowe;0.000051;0.000001;0.002076;0.000049;0.000374;0.000011;0.000003;0.000001;0.000000;0.000000;0.000000;0.000000;0.000123;0.000005
4000;Rosnace;0.000009;0.000000;0.001842;0.000023;0.080410;0.000637;0.000006;0.000005;0.000000;0.000000;0.000005;0.000000;0.000064;0.000005
4000;Malejace;0.000031;0.000002;0.001830;0.000020;0.066690;0.001801;0.000004;0.000003;0.000000;0.000000;0.000000;0.000000;0.000083;0.000006
8000;Losowe;0.000101;0.000003;0.004305;0.000054;0.000827;0.000017;0.000005;0.000000;0.000000;0.000000;0.000000;0.000000;0.000299;0.000017
8000;Rosnace;0.000018;0.000002;0.003808;0.000027;0.325347;0.001135;0.000013;0.000008;0.000001;0.000001;0.000010;0.000001;0.000126;0.000008
8000;Malejace;0.000061;0.000003;0.003831;0.000082;0.268135;0.009954;0.000007;0.000003;0.000000;0.000001;0.000000;0.000000;0.000162;0.000012
16000;Losowe;0.000197;0.000005;0.008987;0.000098;0.001843;0.000036;0.000010;0.000001;0.000000;0.000000;0.000000;0.000000;0.000637;0.000024
16000;Rosnace;0.000034;0.000001;0.007838;0.000099;1.322129;0.009624;0.000019;0.000007;0.000001;0.000000;0.000019;0.000001;0.000247;0.000012
16000;Malejace;0.000120;0.000005;0.007893;0.000078;1.125170;0.025212;0.000010;0.000001;0.000001;0.000001;0.000000;0.000000;0.000344;0.000012
32000;Losowe;0.000397;0.000021;0.018757;0.000248;0.004244;0.000121;0.000020;0.000002;0.000000;0.000000;0.000000;0.000000;0.001353;0.000131
32000;Rosnace;0.000069;0.000002;0.016315;0.000193;5.390133;0.023416;0.000033;0.000004;0.000002;0.000001;0.000042;0.000003;0.000554;0.000024
32000;Malejace;0.000240;0.000008;0.016390;0.000139;4.490488;0.035610;0.000020;0.000002;0.000001;0.000000;0.000000;0.000000;0.000744;0.000026
